101 1 0
101 2 0
101 3 0
102 1 0
102 2 0
102 3 0
103 1 3 11 5 5
103 2 0
103 3 0
104 1 3 5 10 11
104 2 0
104 3 0
105 1 0
105 2 0
105 3 0
111 1 0
111 2 0
111 3 0
112 1 0
112 2 0
112 3 0
113 1 0
113 2 0
113 3 0
201 1 0
201 2 0
201 3 0
202 1 0
202 2 0
202 3 0
203 1 0
203 2 0
203 3 0
204 1 0
204 2 0
204 3 0
205 1 0
205 2 0
205 3 0
211 1 0
211 2 0
211 3 0
212 1 0
212 2 0
212 3 0
213 1 0
213 2 0
213 3 0
301 1 0
301 2 0
301 3 0
302 1 0
302 2 0
302 3 0
303 1 0
303 2 0
303 3 0
304 1 0
304 2 0
304 3 0
305 1 0
305 2 0
305 3 0
311 1 0
311 2 0
311 3 0
312 1 0
312 2 0
312 3 0
313 1 0
313 2 0
313 3 0
401 1 0
401 2 0
401 3 0
402 1 0
402 2 0
402 3 0
403 1 0
403 2 0
403 3 0
404 1 0
404 2 0
404 3 0
405 1 0
405 2 0
405 3 0
411 1 0
411 2 0
411 3 0
412 1 0
412 2 0
412 3 0
413 1 0
413 2 0
413 3 0
501 1 0
501 2 0
501 3 0
502 1 0
502 2 0
502 3 0
503 1 0
503 2 0
503 3 0
504 1 0
504 2 0
504 3 0
505 1 0
505 2 0
505 3 0
511 1 0
511 2 0
511 3 0
512 1 0
512 2 0
512 3 0
513 1 0
513 2 0
513 3 0
601 1 0
601 2 0
601 3 0
602 1 0
602 2 0
602 3 0
603 1 0
603 2 0
603 3 0
604 1 0
604 2 0
604 3 0
605 1 0
605 2 0
605 3 0
611 1 0
611 2 0
611 3 0
612 1 0
612 2 0
612 3 0
613 1 0
613 2 0
613 3 0
701 1 0
701 2 0
701 3 0
702 1 0
702 2 0
702 3 0
703 1 0
703 2 0
703 3 0
704 1 0
704 2 0
704 3 0
705 1 0
705 2 0
705 3 0
711 1 0
711 2 0
711 3 0
712 1 0
712 2 0
712 3 0
713 1 0
713 2 0
713 3 0
